*_INI FILE_*
789644660255797251
792462354302668800
792462278058795009
792462138178666496
792462069157269504
792460097918230532
792459867470659588
792458871575044096
792458415679373312
792457974857904128
792457213134704640
792456965163220992
792456867050053633
792455935302242304
792454552578646017
792454130337972225
792452350363496449
792452049313161216
792450833795444737
792450650793664512
792450529955897344
792448584742559746
792447374530609156
792446585955377152
792446194345730048
792445312682065920
792445152631615488
792445087204667393
792444901396979712
792443307494346752
792442428116598784
792440656455237632
792439943117275136
792439730801696768
792438222852882432
792436827797979137
792436767815245824
792436411177824256
792436104586821632
792435128610021376
792430575839768576
792429242571034624
792428518290358273
792426779914989569
792425855544885248
792420772715212800
792419984425320448
792418363607842816
792417656003555328
792415182752407552
792413371307962369
792401243394101249
792370466434519040
792370003949543424
792357540097101824
792323431219855360
792317218910593024
792312938510049280
792309637546708992
792309520282349568
792309422953472000
792268706965487616
792262584921620480
792244351887937536
792242644554506240
792234506459738112
792201395831119872
792179989831712769
792179225881108480
792100899325931520
792090448445800449
792077209037053952
792067122293796864
792065359419432961
792061726380453894
